/* ex: set ro ft=c: -*- buffer-read-only: t -*-
   !!!!!!!   DO NOT EDIT THIS FILE   !!!!!!!
   This file is built by regen_perly.pl from perly.y.
   Any changes made here will be lost!
 */

#define YYFINAL  14
/* YYLAST -- Last index in YYTABLE.  */
#define YYLAST   3377

/* YYNTOKENS -- Number of terminals.  */
#define YYNTOKENS  110
/* YYNNTS -- Number of nonterminals.  */
#define YYNNTS  88
/* YYNRULES -- Number of rules.  */
#define YYNRULES  280
/* YYNSTATES -- Number of states.  */
#define YYNSTATES  569

/* YYTRANSLATE[YYX] -- Symbol number corresponding to YYX as returned
   by yylex, with out-of-bounds checking.  */
#define YYUNDEFTOK  2
#define YYMAXUTOK   342

#define YYTRANSLATE(YYX)                                                \
  ((unsigned int) (YYX) <= YYMAXUTOK ? yytranslate[YYX] : YYUNDEFTOK)

/* YYTRANSLATE[TOKEN-NUM] -- Symbol number corresponding to TOKEN-NUM
   as returned by yylex, without out-of-bounds checking.  */
static const yytype_uint8 yytranslate[] =
{
       0,     2,     2,     2,     2,     2,     2,     2,     2,     2,
       2,     2,     2,     2,     2,     2,     2,     2,     2,     2,
       2,     2,     2,     2,     2,     2,     2,     2,     2,     2,
       2,     2,     2,    92,     2,     2,   107,    16,    17,     2,
     105,   104,   108,    14,    81,    13,    19,   109,     2,     2,
       2,     2,     2,     2,     2,     2,     2,     2,    84,   106,
       2,    18,     2,    83,    15,     2,     2,     2,     2,     2,
       2,     2,     2,     2,     2,     2,     2,     2,     2,     2,
       2,     2,     2,     2,     2,     2,     2,     2,     2,     2,
       2,    11,     2,    12,     2,     2,     2,     2,     2,     2,
       2,     2,     2,     2,     2,     2,     2,     2,     2,     2,
       2,     2,     2,     2,     2,     2,     2,     2,     2,     2,
       2,     2,     2,     9,     2,    10,    93,     2,     2,     2,
       2,     2,     2,     2,     2,     2,     2,     2,     2,     2,
       2,     2,     2,     2,     2,     2,     2,     2,     2,     2,
       2,     2,     2,     2,     2,     2,     2,     2,     2,     2,
       2,     2,     2,     2,     2,     2,     2,     2,     2,     2,
       2,     2,     2,     2,     2,     2,     2,     2,     2,     2,
       2,     2,     2,     2,     2,     2,     2,     2,     2,     2,
       2,     2,     2,     2,     2,     2,     2,     2,     2,     2,
       2,     2,     2,     2,     2,     2,     2,     2,     2,     2,
       2,     2,     2,     2,     2,     2,     2,     2,     2,     2,
       2,     2,     2,     2,     2,     2,     2,     2,     2,     2,
       2,     2,     2,     2,     2,     2,     2,     2,     2,     2,
       2,     2,     2,     2,     2,     2,     2,     2,     2,     2,
       2,     2,     2,     2,     2,     2,     1,     2,     3,     4,
       5,     6,     7,     8,    20,    21,    22,    23,    24,    25,
      26,    27,    28,    29,    30,    31,    32,    33,    34,    35,
      36,    37,    38,    39,    40,    41,    42,    43,    44,    45,
      46,    47,    48,    49,    50,    51,    52,    53,    54,    55,
      56,    57,    58,    59,    60,    61,    62,    63,    64,    65,
      66,    67,    68,    69,    70,    71,    72,    73,    74,    75,
      76,    77,    78,    79,    80,    82,    85,    86,    87,    88,
      89,    90,    91,    94,    95,    96,    97,    98,    99,   100,
     101,   102,   103
};

#if YYDEBUG
  /* YYRLINE[YYN] -- Source line where rule number YYN was defined.  */
static const yytype_uint16 yyrline[] =
{
       0,   117,   117,   116,   127,   126,   136,   135,   148,   147,
     160,   159,   172,   171,   183,   191,   199,   203,   211,   217,
     218,   228,   229,   238,   242,   246,   250,   257,   259,   269,
     268,   302,   301,   344,   352,   351,   360,   366,   372,   383,
     385,   387,   394,   402,   404,   401,   422,   421,   429,   428,
     437,   436,   446,   454,   461,   460,   468,   475,   474,   490,
     489,   500,   504,   512,   530,   531,   536,   538,   540,   542,
     544,   546,   548,   551,   557,   558,   563,   574,   575,   581,
     587,   588,   593,   596,   600,   605,   609,   613,   614,   617,
     618,   619,   623,   628,   633,   638,   639,   644,   645,   650,
     651,   653,   658,   660,   666,   665,   684,   685,   689,   691,
     693,   695,   699,   701,   706,   710,   714,   718,   724,   729,
     735,   741,   743,   746,   745,   756,   757,   761,   765,   768,
     773,   778,   781,   785,   789,   792,   797,   801,   804,   806,
     808,   813,   815,   817,   822,   824,   826,   828,   830,   832,
     834,   836,   838,   840,   842,   847,   849,   852,   854,   856,
     859,   862,   873,   876,   879,   886,   888,   890,   892,   894,
     897,   916,   918,   922,   923,   924,   925,   926,   928,   930,
     932,   934,   936,   938,   940,   942,   944,   946,   948,   950,
     952,   954,   964,   974,   984,   994,   996,   998,  1001,  1006,
    1010,  1012,  1014,  1016,  1019,  1021,  1024,  1026,  1028,  1030,
    1032,  1034,  1036,  1038,  1040,  1043,  1045,  1047,  1049,  1051,
    1053,  1057,  1060,  1059,  1072,  1073,  1074,  1079,  1083,  1085,
    1087,  1089,  1091,  1093,  1100,  1109,  1111,  1114,  1116,  1118,
    1120,  1126,  1128,  1130,  1132,  1137,  1139,  1144,  1145,  1150,
    1151,  1155,  1158,  1157,  1165,  1169,  1170,  1171,  1174,  1175,
    1178,  1179,  1182,  1186,  1190,  1196,  1224,  1237,  1243,  1245,
    1249,  1253,  1254,  1258,  1259,  1263,  1264,  1269,  1271,  1273,
    1276
};
#endif

#if YYDEBUG || YYERROR_VERBOSE || 0
/* YYTNAME[SYMBOL-NUM] -- String name of the symbol SYMBOL-NUM.
   First, the terminals, then, starting at YYNTOKENS, nonterminals.  */
static const char *const yytname[] =
{
  "$end", "error", "$undefined", "GRAMPROG", "GRAMEXPR", "GRAMBLOCK",
  "GRAMBARESTMT", "GRAMFULLSTMT", "GRAMSTMTSEQ", "'{'", "'}'", "'['",
  "']'", "'-'", "'+'", "'@'", "'%'", "'&'", "'='", "'.'", "BAREWORD",
  "METHOD", "FUNCMETH", "THING", "PMFUNC", "PRIVATEREF", "QWLIST",
  "FUNC0OP", "FUNC0SUB", "UNIOPSUB", "LSTOPSUB", "PLUGEXPR", "PLUGSTMT",
  "CLASSDECL", "LABEL", "FORMAT", "SUB", "METHDECL", "MULTIDECL",
  "ANONSUB", "PACKAGE", "USE", "WHILE", "UNTIL", "IF", "UNLESS", "ELSE",
  "ELSIF", "CONTINUE", "FOR", "GIVEN", "WHEN", "DEFAULT", "LOOPEX",
  "DOTDOT", "YADAYADA", "FUNC0", "FUNC1", "FUNC", "UNIOP", "LSTOP",
  "RELOP", "EQOP", "MULOP", "ADDOP", "DOLSHARP", "DO", "HASHBRACK",
  "NOAMP", "LOCAL", "MY", "HAS", "REQUIRE", "COLONATTR", "FORMLBRACK",
  "FORMRBRACK", "PREC_LOW", "OROP", "DOROP", "ANDOP", "NOTOP", "','",
  "ASSIGNOP", "'?'", "':'", "OROR", "DORDOR", "ANDAND", "BITOROP",
  "BITANDOP", "SHIFTOP", "MATCHOP", "'!'", "'~'", "UMINUS", "REFGEN",
  "POWOP", "POWCOP", "PREINC", "PREDEC", "POSTINC", "POSTDEC", "POSTJOIN",
  "ARROW", "')'", "'('", "';'", "'$'", "'*'", "'/'", "$accept", "grammar",
  "$@1", "$@2", "$@3", "$@4", "$@5", "$@6", "block", "formblock",
  "remember", "mblock", "mremember", "stmtseq", "formstmtseq", "fullstmt",
  "labfullstmt", "barestmt", "$@7", "$@8", "$@9", "$@10", "$@11", "$@12",
  "$@13", "@14", "$@15", "$@16", "$@17", "formline", "formarg", "sideff",
  "else", "cont", "mintro", "nexpr", "texpr", "iexpr", "mexpr", "mnexpr",
  "formname", "subdecl", "startsub", "startanonsub", "startformsub",
  "subname", "proto", "subattrlist", "myattrlist", "subsignature", "@18",
  "optsubbody", "expr", "listexpr", "listop", "@19", "method",
  "subscripted", "termbinop", "termunop", "anonymous", "termdo", "term",
  "@20", "myattrterm", "myterm", "hasterm", "optlistexpr", "optexpr",
  "optrepl", "lpar_or_qw", "$@21", "my_scalar", "my_var", "refgen_topic",
  "my_refgen", "amper", "scalar", "ary", "sizearydecl",
  "computedsizearydecl", "hsh", "arylen", "star", "sliceme", "kvslice",
  "gelem", "indirob", YY_NULLPTR
};
#endif

# ifdef YYPRINT
/* YYTOKNUM[NUM] -- (External) token number corresponding to the
   (internal) symbol number NUM (which must be that of a token).  */
static const yytype_uint16 yytoknum[] =
{
       0,   256,   257,   258,   259,   260,   261,   262,   263,   123,
     125,    91,    93,    45,    43,    64,    37,    38,    61,    46,
     264,   265,   266,   267,   268,   269,   270,   271,   272,   273,
     274,   275,   276,   277,   278,   279,   280,   281,   282,   283,
     284,   285,   286,   287,   288,   289,   290,   291,   292,   293,
     294,   295,   296,   297,   298,   299,   300,   301,   302,   303,
     304,   305,   306,   307,   308,   309,   310,   311,   312,   313,
     314,   315,   316,   317,   318,   319,   320,   321,   322,   323,
     324,    44,   325,    63,    58,   326,   327,   328,   329,   330,
     331,   332,    33,   126,   333,   334,   335,   336,   337,   338,
     339,   340,   341,   342,    41,    40,    59,    36,    42,    47
};
# endif

#define YYPACT_NINF -450

#define yypact_value_is_default(Yystate) \
  (!!((Yystate) == (-450)))

#define YYTABLE_NINF -276

#define yytable_value_is_error(Yytable_value) \
  (!!((Yytable_value) == (-276)))

  /* YYPACT[STATE-NUM] -- Index in YYTABLE of the portion describing
     STATE-NUM.  */
static const yytype_int16 yypact[] =
{
     761,  -450,  -450,  -450,  -450,  -450,  -450,    47,  -450,  3061,
      39,  1683,  1583,  -450,  -450,  -450,  2179,  3061,  3061,    31,
      31,    31,  -450,    31,    31,  -450,  -450,    60,   -18,  -450,
    3061,  -450,  -450,  -450,  3061,  -450,   -14,    29,    54,  2081,
    1981,    31,  2081,  2277,    59,  3061,    65,    12,  3061,  3061,
    3061,  3061,  3061,  3061,  3061,  2375,    31,    31,   132,    83,
    -450,    35,  -450,  -450,  -450,  -450,  3230,  -450,  -450,    66,
      95,   156,   177,  -450,   185,   189,   247,   206,  -450,  -450,
    -450,  -450,   213,  -450,  -450,  -450,  -450,   203,  -450,   121,
     154,   159,   160,   237,   164,   167,    39,  -450,   199,  -450,
     131,    59,  2373,  1583,  -450,  -450,  -450,   683,   783,  -450,
     142,   148,   148,  -450,  -450,  -450,  -450,  -450,  -450,  -450,
    3061,   168,   196,  3061,   186,  2262,    39,     2,  3230,   200,
    2473,  1981,  -450,  2262,   576,    83,  -450,   483,  3061,  -450,
    -450,  2262,   298,   135,  -450,  -450,  3061,  2262,    44,  3159,
    2571,   240,  -450,  -450,  -450,    10,  -450,    48,   240,  -450,
    -450,  -450,  -450,  2262,    83,   148,   148,   148,   438,   438,
     305,   151,  -450,  -450,  3061,  3061,  3061,  3061,  3061,  3061,
    2669,  3061,  3061,  3061,  3061,  3061,  3061,  3061,  3061,  3061,
    3061,  3061,  3061,  3061,  3061,  3061,  -450,  -450,  -450,  -450,
      61,  2767,  3061,  3061,  3061,  3061,  3061,  3061,  3061,  -450,
    -450,   299,   318,  -450,  -450,  -450,  -450,  -450,   223,   146,
    -450,   314,  -450,     5,  -450,  -450,  -450,    39,  -450,  -450,
    -450,  3061,  3061,  3061,  3061,  3061,  3061,  -450,  -450,  -450,
    -450,  -450,  3061,  3061,   161,  -450,  -450,  -450,   236,   270,
    -450,  -450,   317,   244,  3061,    83,  -450,   340,  -450,   343,
    2865,   148,   240,    56,    79,   126,  -450,   445,   341,  -450,
     260,   284,   361,  -450,  3061,   366,   300,   300,  -450,  3230,
     282,   184,  -450,   478,   418,  2164,  1966,   765,   500,  3230,
    3186,   545,   545,  1767,  1866,  2066,  1723,   148,   148,  3061,
    3061,   275,   281,   293,  -450,   294,  2963,     1,   296,   277,
    -450,  -450,   591,   308,   245,   332,   258,   338,   279,   362,
     883,  -450,  -450,   372,    -3,   386,  3061,  3061,  3061,  3061,
    -450,   285,  -450,  -450,   302,  -450,  -450,  -450,  -450,  1782,
    -450,    34,  -450,  -450,  -450,  3061,  3061,  -450,   307,   132,
    -450,   132,   132,   132,   132,   132,   316,   -46,  -450,  3061,
    -450,   270,   395,    39,  -450,  -450,   652,  -450,   120,    23,
     667,  -450,  -450,  -450,  3061,   319,   404,   291,  3061,   420,
    -450,  -450,  3061,   383,   297,  -450,  -450,  -450,  -450,  -450,
     681,  -450,  -450,  3061,  -450,   423,  -450,   424,  -450,   426,
    -450,   427,  -450,  -450,  -450,  -450,  -450,  -450,   408,   339,
     132,   342,   344,   132,   349,     5,  -450,  -450,  -450,  -450,
     350,   336,   407,   448,  -450,   354,  3061,   359,   360,   444,
    -450,  -450,  3061,   367,  -450,   369,   461,  -450,  -450,  -450,
    -450,   463,    41,   -19,  3061,  -450,   321,  -450,  3274,   467,
    -450,  -450,   387,  -450,  -450,  -450,  -450,   983,   381,  -450,
    3061,  -450,  -450,   448,   448,  3061,  3061,   448,  -450,  -450,
     199,   385,  -450,   393,   448,   448,   270,   236,   132,  -450,
    -450,  -450,  -450,  -450,   -15,  -450,  -450,  -450,  -450,   425,
    -450,   406,   448,   448,    53,    53,   412,   413,   199,  3061,
    -450,  -450,  3061,  -450,  -450,  -450,    -1,   270,  1083,  -450,
    -450,  1183,  -450,   199,   199,   448,   405,  -450,  -450,  -450,
     448,  -450,   429,  1283,   446,   448,  -450,  -450,  -450,   520,
    -450,    -4,  -450,  -450,  -450,  -450,  3061,   448,   199,  -450,
    -450,   448,   199,  -450,   456,   514,  -450,   447,   199,  -450,
    -450,   199,  -450,  1383,  -450,  -450,  -450,   448,  -450,  1881,
    -450,  -450,  1483,    53,   449,  -450,  -450,   448,  -450
};

  /* YYDEFACT[STATE-NUM] -- Default reduction number in state STATE-NUM.
     Performed when YYTABLE does not specify something else to do.  Zero
     means the default is an error.  */
static const yytype_uint16 yydefact[] =
{
       0,     2,     4,     6,     8,    10,    12,     0,    16,   247,
       0,     0,     0,    19,     1,    19,     0,     0,     0,     0,
       0,     0,   224,     0,     0,   195,   222,   183,   217,   219,
     213,    93,   227,    93,   205,   226,   215,     0,     0,   208,
     245,     0,     0,     0,     0,     0,     0,     0,   211,     0,
       0,     0,     0,     0,     0,     0,     0,     0,   248,   111,
     225,   190,   173,   174,   175,   176,   114,   180,     5,   196,
     185,   188,   187,   189,   186,     0,     0,     0,    16,     7,
      66,    27,     0,    94,    89,    90,    91,     0,    92,     0,
       0,     0,     0,    16,     0,     0,     0,    62,    77,     9,
       0,     0,    67,     0,    11,    24,    23,     0,     0,   166,
       0,   155,   156,   277,   280,   279,   278,   264,   267,   262,
     245,     0,     0,     0,     0,   214,     0,    97,   206,     0,
       0,   247,   209,   210,   277,   246,   121,   278,     0,   268,
     172,   171,     0,     0,    95,    96,   245,   181,     0,     0,
       0,   229,   237,   240,   239,     0,   238,     0,   231,   241,
     244,   243,   242,   212,   207,   157,   158,   178,   163,   164,
     184,     0,   263,   270,     0,     0,     0,   112,     0,     0,
       0,     0,     0,     0,     0,     0,     0,     0,     0,     0,
       0,     0,     0,     0,     0,     0,   162,   159,   160,   161,
       0,     0,     0,     0,     0,     0,     0,     0,     0,    19,
      16,    88,     0,    34,    16,    16,    16,    16,    16,     0,
      16,     0,    16,     0,    16,    16,    40,     0,    56,    61,
      92,     0,     0,     0,     0,     0,     0,    26,    25,    20,
     165,   119,   247,     0,     0,   218,   123,    98,     0,    99,
     216,   220,     0,     0,     0,   115,   168,     0,   199,   280,
       0,   179,     0,   185,   188,   187,   236,     0,   103,   228,
       0,     0,   280,   230,     0,   182,   109,   110,   108,   113,
       0,     0,   137,     0,   150,   146,   147,   143,   144,   141,
       0,   152,   153,   151,   149,   148,   145,   154,   142,     0,
       0,   272,   274,     0,   125,     0,     0,     0,   276,   118,
     126,   197,     0,     0,     0,     0,     0,     0,     0,     0,
       0,    59,    87,     0,     0,     0,    82,     0,     0,     0,
     260,     0,   261,   258,     0,   259,   255,   256,   257,     0,
      54,     0,   252,   251,    16,     0,     0,    78,    29,    70,
      71,    84,    68,    69,    72,    73,     0,   249,   139,   245,
     104,    99,   101,     0,   221,   122,     0,   167,     0,   184,
       0,   232,   235,   102,     0,     0,     0,     0,     0,     0,
     130,   136,     0,     0,     0,   201,   202,   203,   269,   134,
       0,   200,   204,   247,   198,     0,   128,     0,   191,     0,
     192,     0,    14,    19,    16,    28,    16,    33,     0,     0,
      83,     0,     0,    85,     0,     0,   254,    16,    81,    86,
       0,     0,    67,     0,    50,     0,     0,     0,     0,    97,
      16,   120,     0,     0,   124,     0,     0,   100,   169,   116,
     266,     0,   182,     0,     0,   140,     0,   133,   177,     0,
     129,   135,     0,   131,   193,   194,   127,     0,     0,    57,
     245,    79,    79,     0,     0,     0,     0,     0,    43,    18,
      77,     0,   253,     0,     0,     0,    99,     0,   250,   223,
     105,    19,   265,   234,     0,   138,   132,   117,    60,     0,
      19,     0,     0,     0,    74,    74,     0,     0,    77,    82,
      19,    55,     0,    48,    38,    39,     0,    99,     0,   233,
      21,     0,    35,    77,    77,     0,     0,    36,    37,    46,
       0,    53,     0,     0,     0,     0,   107,   106,    30,     0,
     170,     0,    58,    41,    42,    75,     0,     0,    77,    44,
      17,     0,    77,    19,    64,     0,    22,     0,    77,    52,
      79,    77,    49,     0,    19,    63,    15,     0,    47,     0,
      51,    32,     0,    74,     0,    65,    76,     0,    45
};

  /* YYPGOTO[NTERM-NUM].  */
static const yytype_int16 yypgoto[] =
{
    -450,  -450,  -450,  -450,  -450,  -450,  -450,  -450,   -10,  -450,
     -33,  -112,  -450,   -12,  -450,   536,   451,    50,  -450,  -450,
    -450,  -450,  -450,  -450,  -450,  -450,  -450,  -450,  -450,  -450,
    -450,  -334,  -441,  -246,  -449,  -450,    76,   231,  -309,    19,
    -450,  -450,   329,   544,  -450,   489,   165,  -349,  -144,   116,
    -450,  -450,     0,   -25,  -450,  -450,  -450,  -450,  -450,  -450,
    -450,  -450,    94,  -450,  -450,   450,  -450,  -113,  -127,  -450,
     180,  -450,  -450,   257,  -450,  -450,   391,   274,   -29,   557,
    -450,   -24,  -450,  -450,  -450,  -450,  -450,    18
};

  /* YYDEFGOTO[NTERM-NUM].  */
static const yytype_int16 yydefgoto[] =
{
      -1,     7,     8,     9,    10,    11,    12,    13,   115,   405,
      15,   470,   500,   107,   531,   239,   105,   106,   429,   430,
     325,   499,   550,   537,   525,   471,   423,   490,   403,   546,
     555,   100,   517,   228,   492,   419,   409,   350,   412,   421,
     323,   101,   213,   126,   211,   146,   249,   363,   269,   361,
     435,   528,   102,    59,    60,   359,   309,    61,    62,    63,
      64,    65,    66,   122,    67,   151,   158,   136,    68,   433,
     344,   425,   415,   333,   334,   222,    69,    70,    71,   154,
     155,    72,    73,    74,    75,    76,    77,   117
};

  /* YYTABLE[YYPACT[STATE-NUM]] -- What to do in state STATE-NUM.  If
     positive, shift that token.  If negative, reduce the rule whose
     number is the opposite.  If YYTABLE_NINF, syntax error.  */
static const yytype_int16 yytable[] =
{
      79,    98,    98,   108,   253,   418,   406,   241,    78,    58,
      78,   271,   436,   493,   273,   135,   110,   153,   160,   544,
     414,   113,   156,   162,   164,   247,   114,   157,    20,   132,
     420,   342,   140,   258,   274,   177,   427,   428,   118,   119,
      78,   120,   121,   143,   178,   209,   179,    14,    78,    19,
      20,   113,   378,    78,   518,   171,   114,    78,   138,   139,
     221,    99,   177,   432,   113,   202,   177,   203,   113,   259,
     299,   123,   300,   272,   172,   173,   301,   302,   303,   144,
     148,    20,   304,   268,   145,   483,   226,   124,  -271,   509,
    -271,   129,   270,    98,   248,   135,  -236,    98,    98,   515,
     516,   559,   545,   407,   202,   526,   203,   -16,    56,   391,
     343,   111,   112,   255,  -235,   356,   246,   473,   371,    56,
     264,   135,   566,   244,   125,   265,   305,   506,   128,  -237,
     252,    58,   440,   133,   130,  -273,   141,  -273,    56,   147,
     180,    56,   163,   441,   165,   166,   167,   168,   169,   254,
     267,    56,  -240,   238,   240,    56,   496,   497,   529,   131,
     149,    19,    20,    21,   177,  -271,   306,  -271,   307,   308,
     150,   201,    56,   358,   276,   277,   278,   321,   280,   281,
     283,   326,   327,   328,   329,   331,  -273,   339,  -273,   341,
     337,   345,   346,   524,  -275,   338,   380,   320,   204,  -238,
     205,   312,   313,   314,   315,   316,   317,   318,   319,   174,
     175,   176,   174,   175,   176,   208,   332,   347,   357,   174,
     175,   176,   210,   212,   501,   418,   214,   547,   174,   175,
     176,   349,   351,   352,   353,   354,   355,   229,   174,   175,
     176,   257,    58,   261,   195,   196,   434,   227,   197,   198,
     199,   200,   521,    56,   366,   275,   206,   396,   207,   215,
     370,   174,   175,   176,   216,   217,   452,   533,   534,   224,
     398,   279,   225,   242,   377,   284,   285,   286,   287,   288,
     289,   290,   291,   292,   293,   294,   295,   296,   297,   298,
     245,   400,   549,   116,   116,   116,   552,   116,   116,   383,
     384,   243,   558,   445,   250,   560,   390,   218,   256,   450,
      98,   426,   337,   268,   137,   116,   274,   338,   330,   322,
     152,   159,   174,   175,   176,   172,   410,   351,   413,   413,
     116,   116,   219,   485,   135,   174,   175,   176,   324,   422,
     340,   360,   220,   362,    56,   413,   413,   491,   365,   443,
     367,   494,   495,   438,   368,   498,   174,   175,   176,   174,
     175,   176,   504,   505,   373,   374,   375,   223,   174,   175,
     176,   458,   376,   459,   174,   175,   176,   378,   446,   176,
     513,   514,   393,   385,   466,   174,   175,   176,   379,   386,
     404,   457,    56,    58,   174,   175,   176,   477,   174,   175,
     176,   387,   388,   535,   392,   137,   408,   417,   538,   174,
     175,   176,   -31,   542,   395,   174,   175,   176,   437,   484,
     431,   364,   116,   263,   444,   548,   413,   441,   460,   551,
     447,   116,   478,   453,   454,   135,   455,   456,   397,   174,
     175,   176,   468,   461,   399,   563,   462,    98,   463,   231,
     232,   233,   234,   464,   467,   568,   235,   469,   236,   472,
     174,   175,   176,   474,   475,   413,   413,   247,   401,   508,
     481,   479,  -276,   480,   310,   482,   448,   486,   511,   182,
     183,   184,   185,  -185,   174,   175,   176,   489,   523,   449,
     502,   487,   202,   336,   203,  -185,   527,   503,    98,   410,
     510,    98,   413,   188,   189,   190,   191,   192,   193,   194,
     536,   -85,   512,    98,   195,   196,   519,   520,   197,   198,
     199,   200,   174,   175,   176,  -185,  -185,  -185,  -185,   543,
     554,   553,  -185,   556,  -185,   539,   413,  -185,  -276,  -276,
    -276,   200,   562,    98,  -185,  -185,  -185,  -185,   104,   372,
     541,   557,    98,   567,   237,   174,   175,   176,   411,   348,
    -185,  -185,  -185,   184,  -185,  -185,  -185,  -185,  -185,  -185,
    -185,  -185,  -185,  -185,  -185,   522,  -224,   127,   564,  -185,
    -185,   116,   381,  -185,  -185,  -185,  -185,  -185,  -224,  -185,
     230,   194,  -185,   507,   476,   465,   195,   196,   424,   262,
     197,   198,   199,   200,   161,   416,   182,   183,   184,   185,
     335,     0,     0,     0,     0,   336,     0,     0,  -224,  -224,
    -224,  -224,     0,     0,     0,  -224,     0,  -224,     0,     0,
    -224,     0,   190,   191,   192,   193,   194,  -224,  -224,  -224,
    -224,   195,   196,     0,     0,   197,   198,   199,   200,     0,
       0,     0,     0,  -224,  -224,  -224,     0,  -224,  -224,  -224,
    -224,  -224,  -224,  -224,  -224,  -224,  -224,  -224,   174,   175,
     176,     0,  -224,  -224,     0,     0,  -224,  -224,  -224,  -224,
    -224,     0,  -224,   -13,    80,  -224,     0,     0,     0,     0,
       0,     0,    78,     0,    16,   394,    17,    18,    19,    20,
      21,     0,     0,    22,    23,    24,    25,    26,     0,    27,
      28,    29,    30,    31,    32,    81,    82,   103,    83,    84,
      85,    86,    33,    87,    88,    89,    90,    91,    92,   174,
     175,   176,    93,    94,    95,    96,    34,     0,    35,    36,
      37,    38,    39,    40,   174,   175,   176,     0,    41,    42,
      43,    44,    45,    46,    47,    48,   439,     0,   174,   175,
     176,     0,     0,    49,     1,     2,     3,     4,     5,     6,
       0,   442,     0,     0,     0,    50,    51,     0,    52,     0,
       0,    53,    54,    -3,    80,   451,     0,     0,    55,    97,
      56,    57,    78,     0,    16,     0,    17,    18,    19,    20,
      21,     0,     0,    22,    23,    24,    25,    26,     0,    27,
      28,    29,    30,    31,    32,    81,    82,   103,    83,    84,
      85,    86,    33,    87,    88,    89,    90,    91,    92,     0,
       0,     0,    93,    94,    95,    96,    34,     0,    35,    36,
      37,    38,    39,    40,     0,     0,     0,     0,    41,    42,
      43,    44,    45,    46,    47,    48,   194,     0,     0,     0,
       0,   195,   196,    49,     0,   197,   198,   199,   200,     0,
       0,     0,     0,     0,     0,    50,    51,     0,    52,     0,
       0,    53,    54,     0,    80,     0,     0,     0,    55,    97,
      56,    57,    78,   402,    16,     0,    17,    18,    19,    20,
      21,     0,     0,    22,    23,    24,    25,    26,     0,    27,
      28,    29,    30,    31,    32,    81,    82,   103,    83,    84,
      85,    86,    33,    87,    88,    89,    90,    91,    92,     0,
       0,     0,    93,    94,    95,    96,    34,     0,    35,    36,
      37,    38,    39,    40,     0,     0,     0,     0,    41,    42,
      43,    44,    45,    46,    47,    48,     0,     0,     0,     0,
       0,     0,     0,    49,     0,     0,     0,     0,     0,     0,
       0,     0,     0,     0,     0,    50,    51,     0,    52,     0,
       0,    53,    54,     0,    80,     0,     0,     0,    55,    97,
      56,    57,    78,   488,    16,     0,    17,    18,    19,    20,
      21,     0,     0,    22,    23,    24,    25,    26,     0,    27,
      28,    29,    30,    31,    32,    81,    82,   103,    83,    84,
      85,    86,    33,    87,    88,    89,    90,    91,    92,     0,
       0,     0,    93,    94,    95,    96,    34,     0,    35,    36,
      37,    38,    39,    40,     0,     0,     0,     0,    41,    42,
      43,    44,    45,    46,    47,    48,     0,     0,     0,     0,
       0,     0,     0,    49,     0,     0,     0,     0,     0,     0,
       0,     0,     0,     0,     0,    50,    51,     0,    52,     0,
       0,    53,    54,     0,    80,     0,     0,     0,    55,    97,
      56,    57,    78,   530,    16,     0,    17,    18,    19,    20,
      21,     0,     0,    22,    23,    24,    25,    26,     0,    27,
      28,    29,    30,    31,    32,    81,    82,   103,    83,    84,
      85,    86,    33,    87,    88,    89,    90,    91,    92,     0,
       0,     0,    93,    94,    95,    96,    34,     0,    35,    36,
      37,    38,    39,    40,     0,     0,     0,     0,    41,    42,
      43,    44,    45,    46,    47,    48,     0,     0,     0,     0,
       0,     0,     0,    49,     0,     0,     0,     0,     0,     0,
       0,     0,     0,     0,     0,    50,    51,     0,    52,     0,
       0,    53,    54,     0,    80,     0,     0,     0,    55,    97,
      56,    57,    78,   532,    16,     0,    17,    18,    19,    20,
      21,     0,     0,    22,    23,    24,    25,    26,     0,    27,
      28,    29,    30,    31,    32,    81,    82,   103,    83,    84,
      85,    86,    33,    87,    88,    89,    90,    91,    92,     0,
       0,     0,    93,    94,    95,    96,    34,     0,    35,    36,
      37,    38,    39,    40,     0,     0,     0,     0,    41,    42,
      43,    44,    45,    46,    47,    48,     0,     0,     0,     0,
       0,     0,     0,    49,     0,     0,     0,     0,     0,     0,
       0,     0,     0,     0,     0,    50,    51,     0,    52,     0,
       0,    53,    54,     0,    80,     0,     0,     0,    55,    97,
      56,    57,    78,   540,    16,     0,    17,    18,    19,    20,
      21,     0,     0,    22,    23,    24,    25,    26,     0,    27,
      28,    29,    30,    31,    32,    81,    82,   103,    83,    84,
      85,    86,    33,    87,    88,    89,    90,    91,    92,     0,
       0,     0,    93,    94,    95,    96,    34,     0,    35,    36,
      37,    38,    39,    40,     0,     0,     0,     0,    41,    42,
      43,    44,    45,    46,    47,    48,     0,     0,     0,     0,
       0,     0,     0,    49,     0,     0,     0,     0,     0,     0,
       0,     0,     0,     0,     0,    50,    51,     0,    52,     0,
       0,    53,    54,     0,    80,     0,     0,     0,    55,    97,
      56,    57,    78,   561,    16,     0,    17,    18,    19,    20,
      21,     0,     0,    22,    23,    24,    25,    26,     0,    27,
      28,    29,    30,    31,    32,    81,    82,   103,    83,    84,
      85,    86,    33,    87,    88,    89,    90,    91,    92,     0,
       0,     0,    93,    94,    95,    96,    34,     0,    35,    36,
      37,    38,    39,    40,     0,     0,     0,     0,    41,    42,
      43,    44,    45,    46,    47,    48,     0,     0,     0,     0,
       0,     0,     0,    49,     0,     0,     0,     0,     0,     0,
       0,     0,     0,     0,     0,    50,    51,     0,    52,     0,
       0,    53,    54,     0,    80,     0,     0,     0,    55,    97,
      56,    57,    78,     0,    16,     0,    17,    18,    19,    20,
      21,     0,     0,    22,    23,    24,    25,    26,     0,    27,
      28,    29,    30,    31,    32,    81,    82,   103,    83,    84,
      85,    86,    33,    87,    88,    89,    90,    91,    92,     0,
       0,     0,    93,    94,    95,    96,    34,     0,    35,    36,
      37,    38,    39,    40,     0,     0,     0,     0,    41,    42,
      43,    44,    45,    46,    47,    48,     0,     0,   565,     0,
       0,     0,     0,    49,     0,     0,     0,     0,     0,     0,
       0,     0,     0,     0,     0,    50,    51,     0,    52,     0,
       0,    53,    54,     0,    80,     0,     0,     0,    55,    97,
      56,    57,    78,     0,    16,     0,    17,    18,    19,    20,
      21,     0,     0,    22,    23,    24,    25,    26,     0,    27,
      28,    29,    30,    31,    32,    81,    82,   103,    83,    84,
      85,    86,    33,    87,    88,    89,    90,    91,    92,     0,
       0,     0,    93,    94,    95,    96,    34,     0,    35,    36,
      37,    38,    39,    40,     0,     0,     0,     0,    41,    42,
      43,    44,    45,    46,    47,    48,     0,     0,     0,     0,
       0,     0,     0,    49,     0,     0,     0,     0,     0,     0,
       0,     0,     0,     0,     0,    50,    51,     0,    52,     0,
       0,    53,    54,     0,    80,     0,     0,     0,    55,    97,
      56,    57,    78,     0,    16,     0,    17,    18,    19,    20,
      21,     0,     0,    22,    23,    24,    25,    26,     0,    27,
      28,    29,    30,    31,    32,    81,    82,     0,    83,    84,
      85,    86,    33,    87,    88,    89,    90,    91,    92,     0,
       0,     0,    93,    94,    95,    96,    34,     0,    35,    36,
      37,    38,    39,    40,     0,     0,     0,     0,    41,    42,
      43,    44,    45,    46,    47,    48,     0,     0,     0,     0,
       0,     0,     0,    49,     0,     0,     0,     0,     0,     0,
       0,     0,     0,     0,     0,    50,    51,     0,    52,     0,
       0,    53,    54,    80,     0,     0,   184,   185,    55,    97,
      56,    57,     0,    16,     0,    17,    18,    19,    20,    21,
       0,     0,    22,    23,    24,    25,    26,     0,    27,    28,
      29,    30,    31,    32,   194,     0,     0,     0,     0,   195,
     196,    33,     0,   197,   198,   199,   200,     0,   182,   183,
     184,   185,     0,     0,     0,    34,     0,    35,    36,    37,
      38,    39,    40,     0,     0,     0,     0,    41,    42,    43,
      44,    45,    46,    47,    48,   191,   192,   193,   194,     0,
       0,     0,    49,   195,   196,     0,     0,   197,   198,   199,
     200,     0,     0,     0,    50,    51,     0,    52,     0,     0,
      53,    54,    80,     0,     0,     0,     0,    55,   -80,    56,
      57,     0,    16,     0,    17,    18,    19,    20,    21,     0,
       0,    22,    23,    24,    25,    26,     0,    27,    28,    29,
      30,    31,    32,     0,     0,     0,     0,     0,     0,     0,
      33,     0,     0,     0,     0,     0,     0,   182,   183,   184,
     185,     0,     0,     0,    34,     0,    35,    36,    37,    38,
      39,    40,     0,     0,     0,     0,    41,    42,    43,    44,
      45,    46,    47,    48,     0,   192,   193,   194,     0,     0,
       0,    49,   195,   196,     0,     0,   197,   198,   199,   200,
       0,     0,     0,    50,    51,     0,    52,     0,     0,    53,
      54,     0,     0,     0,     0,   -80,    55,     0,    56,    57,
      78,     0,    16,     0,    17,    18,    19,    20,    21,     0,
       0,   134,    23,    24,    25,    26,   114,    27,    28,    29,
      30,    31,    32,     0,     0,     0,     0,     0,     0,     0,
      33,     0,     0,     0,     0,     0,     0,   182,  -276,   184,
     185,     0,     0,     0,    34,     0,    35,    36,    37,    38,
      39,    40,     0,     0,     0,     0,    41,    42,    43,    44,
      45,    46,    47,    48,     0,     0,   193,   194,     0,     0,
       0,    49,   195,   196,     0,     0,   197,   198,   199,   200,
       0,     0,     0,    50,    51,     0,    52,     0,     0,    53,
      54,     0,     0,     0,     0,     0,    55,     0,    56,    57,
      78,     0,    16,     0,    17,    18,    19,    20,    21,     0,
       0,    22,    23,    24,    25,    26,     0,    27,    28,    29,
      30,    31,    32,     0,     0,     0,     0,     0,     0,     0,
      33,     0,     0,     0,     0,     0,     0,   182,   183,   184,
     185,     0,     0,     0,    34,     0,    35,    36,    37,    38,
      39,    40,     0,     0,     0,     0,    41,    42,    43,    44,
      45,    46,    47,    48,     0,     0,   193,   194,     0,     0,
       0,    49,   195,   196,     0,     0,   197,   198,   199,   200,
       0,     0,     0,    50,    51,     0,    52,     0,     0,    53,
      54,     0,     0,     0,     0,     0,    55,     0,    56,    57,
      16,   109,    17,    18,    19,    20,    21,     0,     0,    22,
      23,    24,    25,    26,     0,    27,    28,    29,    30,    31,
      32,     0,     0,     0,     0,     0,     0,     0,    33,     0,
       0,     0,     0,     0,     0,  -276,     0,   184,   185,     0,
       0,     0,    34,     0,    35,    36,    37,    38,    39,    40,
       0,     0,     0,     0,    41,    42,    43,    44,    45,    46,
      47,    48,     0,     0,   193,   194,     0,     0,     0,    49,
     195,   196,     0,     0,   197,   198,   199,   200,     0,     0,
       0,    50,    51,     0,    52,     0,     0,    53,    54,     0,
       0,     0,     0,     0,    55,     0,    56,    57,    16,     0,
      17,    18,    19,    20,    21,     0,     0,    22,    23,    24,
      25,    26,     0,    27,    28,    29,    30,    31,    32,     0,
       0,     0,     0,     0,     0,     0,    33,     0,     0,     0,
       0,     0,     0,     0,     0,   184,   185,     0,     0,     0,
      34,     0,    35,    36,    37,    38,    39,    40,     0,     0,
       0,     0,    41,    42,    43,    44,    45,    46,    47,    48,
       0,     0,   193,   194,     0,     0,     0,    49,   195,   196,
       0,     0,   197,   198,   199,   200,     0,     0,     0,    50,
      51,     0,    52,     0,     0,    53,    54,     0,     0,     0,
       0,     0,    55,   142,    56,    57,    16,     0,    17,    18,
      19,    20,    21,     0,     0,    22,    23,    24,    25,    26,
       0,    27,    28,    29,    30,    31,    32,     0,     0,     0,
       0,     0,     0,     0,    33,   231,   232,   233,   234,     0,
       0,     0,   235,     0,   236,     0,     0,     0,    34,     0,
      35,    36,    37,    38,    39,    40,     0,     0,     0,     0,
      41,    42,    43,    44,    45,    46,    47,    48,     0,     0,
     174,   175,   176,     0,     0,    49,     0,     0,     0,     0,
       0,     0,     0,     0,     0,     0,     0,    50,    51,     0,
      52,     0,     0,    53,    54,     0,     0,     0,     0,   170,
      55,     0,    56,    57,    16,     0,    17,    18,    19,    20,
      21,     0,     0,    22,    23,    24,    25,    26,     0,    27,
      28,    29,    30,    31,    32,     0,     0,     0,     0,     0,
       0,     0,    33,     0,     0,     0,     0,     0,     0,     0,
       0,     0,     0,     0,     0,     0,    34,     0,    35,    36,
      37,    38,    39,    40,     0,     0,     0,     0,    41,    42,
      43,    44,    45,    46,    47,    48,     0,     0,     0,     0,
       0,     0,     0,    49,     0,     0,     0,     0,     0,     0,
       0,     0,     0,     0,     0,    50,    51,     0,    52,     0,
       0,    53,    54,     0,     0,     0,     0,   251,    55,     0,
      56,    57,    16,     0,    17,    18,    19,    20,    21,     0,
       0,    22,    23,    24,    25,    26,     0,    27,    28,    29,
      30,    31,    32,     0,     0,     0,     0,     0,     0,     0,
      33,     0,     0,     0,     0,     0,     0,     0,     0,     0,
       0,     0,     0,     0,    34,     0,    35,    36,    37,    38,
      39,    40,     0,     0,     0,     0,    41,    42,    43,    44,
      45,    46,    47,    48,     0,     0,     0,     0,     0,     0,
       0,    49,     0,     0,     0,     0,     0,     0,     0,     0,
       0,     0,     0,    50,    51,     0,    52,     0,     0,    53,
      54,     0,     0,     0,     0,   266,    55,     0,    56,    57,
      16,     0,    17,    18,    19,    20,    21,     0,     0,    22,
      23,    24,    25,    26,     0,    27,    28,    29,    30,    31,
      32,     0,     0,     0,     0,     0,     0,     0,    33,     0,
       0,     0,     0,     0,     0,     0,     0,     0,     0,     0,
       0,     0,    34,     0,    35,    36,    37,    38,    39,    40,
       0,     0,     0,     0,    41,    42,    43,    44,    45,    46,
      47,    48,     0,     0,     0,     0,     0,     0,     0,    49,
       0,     0,     0,     0,     0,     0,     0,     0,     0,     0,
       0,    50,    51,     0,    52,     0,     0,    53,    54,     0,
       0,     0,     0,   282,    55,     0,    56,    57,    16,     0,
      17,    18,    19,    20,    21,     0,     0,    22,    23,    24,
      25,    26,     0,    27,    28,    29,    30,    31,    32,     0,
       0,     0,     0,     0,     0,     0,    33,     0,     0,     0,
       0,     0,     0,     0,     0,     0,     0,     0,     0,     0,
      34,     0,    35,    36,    37,    38,    39,    40,     0,     0,
       0,     0,    41,    42,    43,    44,    45,    46,    47,    48,
       0,     0,     0,     0,     0,     0,     0,    49,     0,     0,
       0,     0,     0,     0,     0,     0,     0,     0,     0,    50,
      51,     0,    52,     0,     0,    53,    54,     0,     0,     0,
       0,   311,    55,     0,    56,    57,    16,     0,    17,    18,
      19,    20,    21,     0,     0,    22,    23,    24,    25,    26,
       0,    27,    28,    29,    30,    31,    32,     0,     0,     0,
       0,     0,     0,     0,    33,     0,     0,     0,     0,     0,
       0,     0,     0,     0,     0,     0,     0,     0,    34,     0,
      35,    36,    37,    38,    39,    40,     0,     0,     0,     0,
      41,    42,    43,    44,    45,    46,    47,    48,     0,     0,
       0,     0,     0,     0,     0,    49,     0,     0,     0,     0,
       0,     0,     0,     0,     0,     0,     0,    50,    51,     0,
      52,     0,     0,    53,    54,     0,     0,     0,     0,   369,
      55,     0,    56,    57,    16,     0,    17,    18,    19,    20,
      21,     0,     0,    22,    23,    24,    25,    26,     0,    27,
      28,    29,    30,    31,    32,     0,     0,     0,     0,     0,
       0,     0,    33,     0,     0,     0,     0,     0,     0,     0,
       0,     0,     0,     0,     0,     0,    34,     0,    35,    36,
      37,    38,    39,    40,     0,     0,     0,     0,    41,    42,
      43,    44,    45,    46,    47,    48,     0,     0,     0,     0,
       0,     0,     0,    49,     0,     0,     0,     0,     0,     0,
       0,     0,     0,     0,     0,    50,    51,     0,    52,     0,
       0,    53,    54,     0,     0,     0,     0,   389,    55,     0,
      56,    57,    16,     0,    17,    18,    19,    20,    21,     0,
       0,    22,    23,    24,    25,    26,     0,    27,    28,    29,
      30,    31,    32,     0,     0,     0,     0,     0,     0,     0,
      33,     0,     0,     0,     0,     0,     0,     0,     0,     0,
       0,     0,     0,     0,    34,     0,    35,    36,    37,    38,
      39,    40,     0,     0,     0,     0,    41,    42,    43,    44,
      45,    46,    47,    48,     0,     0,     0,     0,     0,     0,
       0,    49,     0,     0,     0,     0,     0,     0,     0,     0,
       0,     0,     0,    50,    51,     0,    52,     0,     0,    53,
      54,     0,     0,     0,     0,     0,    55,     0,    56,    57,
      16,     0,    17,    18,   157,    20,    21,     0,     0,    22,
      23,    24,    25,    26,     0,    27,    28,    29,    30,    31,
      32,     0,     0,     0,     0,     0,     0,     0,    33,     0,
       0,     0,     0,     0,     0,     0,     0,     0,     0,     0,
       0,     0,    34,     0,    35,    36,    37,    38,    39,    40,
       0,     0,     0,     0,    41,    42,    43,    44,    45,    46,
      47,    48,     0,     0,     0,     0,     0,     0,     0,    49,
     181,     0,     0,     0,     0,     0,     0,   182,   183,   184,
     185,    50,    51,     0,    52,     0,     0,    53,    54,     0,
       0,     0,     0,     0,   260,     0,    56,    57,   186,   187,
     382,   188,   189,   190,   191,   192,   193,   194,     0,     0,
       0,     0,   195,   196,   181,     0,   197,   198,   199,   200,
       0,   182,   183,   184,   185,     0,     0,     0,     0,     0,
       0,     0,     0,     0,     0,     0,     0,     0,     0,     0,
       0,     0,   186,   187,     0,   188,   189,   190,   191,   192,
     193,   194,     0,     0,     0,     0,   195,   196,   181,     0,
     197,   198,   199,   200,     0,   182,   183,   184,   185,     0,
       0,     0,     0,     0,     0,     0,     0,     0,     0,     0,
       0,     0,     0,     0,     0,     0,     0,   187,     0,   188,
     189,   190,   191,   192,   193,   194,     0,     0,     0,     0,
     195,   196,     0,     0,   197,   198,   199,   200
};

static const yytype_int16 yycheck[] =
{
      10,    11,    12,    15,   131,   339,     9,   120,     9,     9,
       9,   155,   361,   462,   158,    40,    16,    46,    47,    23,
     329,    20,    46,    47,    49,    23,    25,    15,    16,    39,
     339,    26,    42,   146,    11,    81,   345,   346,    20,    21,
       9,    23,    24,    43,     9,    78,    11,     0,     9,    15,
      16,    20,    11,     9,   495,    55,    25,     9,    40,    41,
      93,    11,    81,   109,    20,     9,    81,    11,    20,    25,
       9,    11,    11,    25,    56,    57,    15,    16,    17,    20,
      15,    16,    21,    73,    25,   104,    96,   105,     9,   104,
      11,   105,    82,   103,   127,   120,    73,   107,   108,    46,
      47,   550,   106,   106,     9,   106,    11,   105,   107,   108,
     105,    17,    18,   138,    73,   242,   126,   426,   262,   107,
     149,   146,   563,   123,    30,   149,    65,   476,    34,    73,
     130,   131,    12,    39,   105,     9,    42,    11,   107,    45,
     105,   107,    48,    23,    50,    51,    52,    53,    54,   131,
     150,   107,    73,   103,    12,   107,   465,   466,   507,   105,
      95,    15,    16,    17,    81,     9,   105,    11,   107,   108,
     105,   105,   107,    12,   174,   175,   176,   210,   178,   179,
     180,   214,   215,   216,   217,   218,     9,   220,    11,   222,
     219,   224,   225,   502,     9,   219,    12,   209,     9,    73,
      11,   201,   202,   203,   204,   205,   206,   207,   208,    77,
      78,    79,    77,    78,    79,     9,    70,   227,   243,    77,
      78,    79,     9,    20,   470,   559,   105,   536,    77,    78,
      79,   231,   232,   233,   234,   235,   236,   106,    77,    78,
      79,   106,   242,   149,    96,    97,   359,    48,   100,   101,
     102,   103,   498,   107,   254,   104,     9,    12,    11,   105,
     260,    77,    78,    79,   105,   105,   393,   513,   514,   105,
      12,   177,   105,   105,   274,   181,   182,   183,   184,   185,
     186,   187,   188,   189,   190,   191,   192,   193,   194,   195,
     104,    12,   538,    19,    20,    21,   542,    23,    24,   299,
     300,   105,   548,    12,   104,   551,   306,    70,    10,    12,
     320,   344,   341,    73,    40,    41,    11,   341,    95,    20,
      46,    47,    77,    78,    79,   307,   326,   327,   328,   329,
      56,    57,    95,    12,   359,    77,    78,    79,    20,   339,
      26,   105,   105,    73,   107,   345,   346,   460,   104,   374,
      10,   463,   464,   363,    11,   467,    77,    78,    79,    77,
      78,    79,   474,   475,    23,   105,    82,    93,    77,    78,
      79,   404,    11,   406,    77,    78,    79,    11,   378,    79,
     492,   493,   105,   108,   417,    77,    78,    79,   106,   108,
      18,   403,   107,   393,    77,    78,    79,   430,    77,    78,
      79,   108,   108,   515,   108,   131,    20,   105,   520,    77,
      78,    79,   105,   525,   106,    77,    78,    79,    23,   444,
     104,   104,   148,   149,   105,   537,   426,    23,    20,   541,
      10,   157,   432,    10,    10,   460,    10,    10,   106,    77,
      78,    79,   106,   104,   106,   557,   104,   457,   104,    42,
      43,    44,    45,   104,   104,   567,    49,     9,    51,   105,
      77,    78,    79,   104,   104,   465,   466,    23,   106,   481,
       9,   104,    54,   104,   200,    12,   382,    10,   490,    61,
      62,    63,    64,     0,    77,    78,    79,   106,   500,   106,
     105,   104,     9,   219,    11,    12,   506,   104,   508,   499,
      75,   511,   502,    85,    86,    87,    88,    89,    90,    91,
     105,   104,   106,   523,    96,    97,   104,   104,   100,   101,
     102,   103,    77,    78,    79,    42,    43,    44,    45,     9,
      74,   543,    49,    19,    51,   106,   536,    54,   100,   101,
     102,   103,   554,   553,    61,    62,    63,    64,    12,   104,
     104,   104,   562,   104,   103,    77,    78,    79,   327,   230,
      77,    78,    79,    63,    81,    82,    83,    84,    85,    86,
      87,    88,    89,    90,    91,   499,     0,    33,   559,    96,
      97,   307,   104,   100,   101,   102,   103,   104,    12,   106,
     101,    91,   109,   477,   429,   415,    96,    97,   341,   149,
     100,   101,   102,   103,    47,   331,    61,    62,    63,    64,
     219,    -1,    -1,    -1,    -1,   341,    -1,    -1,    42,    43,
      44,    45,    -1,    -1,    -1,    49,    -1,    51,    -1,    -1,
      54,    -1,    87,    88,    89,    90,    91,    61,    62,    63,
      64,    96,    97,    -1,    -1,   100,   101,   102,   103,    -1,
      -1,    -1,    -1,    77,    78,    79,    -1,    81,    82,    83,
      84,    85,    86,    87,    88,    89,    90,    91,    77,    78,
      79,    -1,    96,    97,    -1,    -1,   100,   101,   102,   103,
     104,    -1,   106,     0,     1,   109,    -1,    -1,    -1,    -1,
      -1,    -1,     9,    -1,    11,   104,    13,    14,    15,    16,
      17,    -1,    -1,    20,    21,    22,    23,    24,    -1,    26,
      27,    28,    29,    30,    31,    32,    33,    34,    35,    36,
      37,    38,    39,    40,    41,    42,    43,    44,    45,    77,
      78,    79,    49,    50,    51,    52,    53,    -1,    55,    56,
      57,    58,    59,    60,    77,    78,    79,    -1,    65,    66,
      67,    68,    69,    70,    71,    72,   104,    -1,    77,    78,
      79,    -1,    -1,    80,     3,     4,     5,     6,     7,     8,
      -1,   104,    -1,    -1,    -1,    92,    93,    -1,    95,    -1,
      -1,    98,    99,     0,     1,   104,    -1,    -1,   105,   106,
     107,   108,     9,    -1,    11,    -1,    13,    14,    15,    16,
      17,    -1,    -1,    20,    21,    22,    23,    24,    -1,    26,
      27,    28,    29,    30,    31,    32,    33,    34,    35,    36,
      37,    38,    39,    40,    41,    42,    43,    44,    45,    -1,
      -1,    -1,    49,    50,    51,    52,    53,    -1,    55,    56,
      57,    58,    59,    60,    -1,    -1,    -1,    -1,    65,    66,
      67,    68,    69,    70,    71,    72,    91,    -1,    -1,    -1,
      -1,    96,    97,    80,    -1,   100,   101,   102,   103,    -1,
      -1,    -1,    -1,    -1,    -1,    92,    93,    -1,    95,    -1,
      -1,    98,    99,    -1,     1,    -1,    -1,    -1,   105,   106,
     107,   108,     9,    10,    11,    -1,    13,    14,    15,    16,
      17,    -1,    -1,    20,    21,    22,    23,    24,    -1,    26,
      27,    28,    29,    30,    31,    32,    33,    34,    35,    36,
      37,    38,    39,    40,    41,    42,    43,    44,    45,    -1,
      -1,    -1,    49,    50,    51,    52,    53,    -1,    55,    56,
      57,    58,    59,    60,    -1,    -1,    -1,    -1,    65,    66,
      67,    68,    69,    70,    71,    72,    -1,    -1,    -1,    -1,
      -1,    -1,    -1,    80,    -1,    -1,    -1,    -1,    -1,    -1,
      -1,    -1,    -1,    -1,    -1,    92,    93,    -1,    95,    -1,
      -1,    98,    99,    -1,     1,    -1,    -1,    -1,   105,   106,
     107,   108,     9,    10,    11,    -1,    13,    14,    15,    16,
      17,    -1,    -1,    20,    21,    22,    23,    24,    -1,    26,
      27,    28,    29,    30,    31,    32,    33,    34,    35,    36,
      37,    38,    39,    40,    41,    42,    43,    44,    45,    -1,
      -1,    -1,    49,    50,    51,    52,    53,    -1,    55,    56,
      57,    58,    59,    60,    -1,    -1,    -1,    -1,    65,    66,
      67,    68,    69,    70,    71,    72,    -1,    -1,    -1,    -1,
      -1,    -1,    -1,    80,    -1,    -1,    -1,    -1,    -1,    -1,
      -1,    -1,    -1,    -1,    -1,    92,    93,    -1,    95,    -1,
      -1,    98,    99,    -1,     1,    -1,    -1,    -1,   105,   106,
     107,   108,     9,    10,    11,    -1,    13,    14,    15,    16,
      17,    -1,    -1,    20,    21,    22,    23,    24,    -1,    26,
      27,    28,    29,    30,    31,    32,    33,    34,    35,    36,
      37,    38,    39,    40,    41,    42,    43,    44,    45,    -1,
      -1,    -1,    49,    50,    51,    52,    53,    -1,    55,    56,
      57,    58,    59,    60,    -1,    -1,    -1,    -1,    65,    66,
      67,    68,    69,    70,    71,    72,    -1,    -1,    -1,    -1,
      -1,    -1,    -1,    80,    -1,    -1,    -1,    -1,    -1,    -1,
      -1,    -1,    -1,    -1,    -1,    92,    93,    -1,    95,    -1,
      -1,    98,    99,    -1,     1,    -1,    -1,    -1,   105,   106,
     107,   108,     9,    10,    11,    -1,    13,    14,    15,    16,
      17,    -1,    -1,    20,    21,    22,    23,    24,    -1,    26,
      27,    28,    29,    30,    31,    32,    33,    34,    35,    36,
      37,    38,    39,    40,    41,    42,    43,    44,    45,    -1,
      -1,    -1,    49,    50,    51,    52,    53,    -1,    55,    56,
      57,    58,    59,    60,    -1,    -1,    -1,    -1,    65,    66,
      67,    68,    69,    70,    71,    72,    -1,    -1,    -1,    -1,
      -1,    -1,    -1,    80,    -1,    -1,    -1,    -1,    -1,    -1,
      -1,    -1,    -1,    -1,    -1,    92,    93,    -1,    95,    -1,
      -1,    98,    99,    -1,     1,    -1,    -1,    -1,   105,   106,
     107,   108,     9,    10,    11,    -1,    13,    14,    15,    16,
      17,    -1,    -1,    20,    21,    22,    23,    24,    -1,    26,
      27,    28,    29,    30,    31,    32,    33,    34,    35,    36,
      37,    38,    39,    40,    41,    42,    43,    44,    45,    -1,
      -1,    -1,    49,    50,    51,    52,    53,    -1,    55,    56,
      57,    58,    59,    60,    -1,    -1,    -1,    -1,    65,    66,
      67,    68,    69,    70,    71,    72,    -1,    -1,    -1,    -1,
      -1,    -1,    -1,    80,    -1,    -1,    -1,    -1,    -1,    -1,
      -1,    -1,    -1,    -1,    -1,    92,    93,    -1,    95,    -1,
      -1,    98,    99,    -1,     1,    -1,    -1,    -1,   105,   106,
     107,   108,     9,    10,    11,    -1,    13,    14,    15,    16,
      17,    -1,    -1,    20,    21,    22,    23,    24,    -1,    26,
      27,    28,    29,    30,    31,    32,    33,    34,    35,    36,
      37,    38,    39,    40,    41,    42,    43,    44,    45,    -1,
      -1,    -1,    49,    50,    51,    52,    53,    -1,    55,    56,
      57,    58,    59,    60,    -1,    -1,    -1,    -1,    65,    66,
      67,    68,    69,    70,    71,    72,    -1,    -1,    -1,    -1,
      -1,    -1,    -1,    80,    -1,    -1,    -1,    -1,    -1,    -1,
      -1,    -1,    -1,    -1,    -1,    92,    93,    -1,    95,    -1,
      -1,    98,    99,    -1,     1,    -1,    -1,    -1,   105,   106,
     107,   108,     9,    -1,    11,    -1,    13,    14,    15,    16,
      17,    -1,    -1,    20,    21,    22,    23,    24,    -1,    26,
      27,    28,    29,    30,    31,    32,    33,    34,    35,    36,
      37,    38,    39,    40,    41,    42,    43,    44,    45,    -1,
      -1,    -1,    49,    50,    51,    52,    53,    -1,    55,    56,
      57,    58,    59,    60,    -1,    -1,    -1,    -1,    65,    66,
      67,    68,    69,    70,    71,    72,    -1,    -1,    75,    -1,
      -1,    -1,    -1,    80,    -1,    -1,    -1,    -1,    -1,    -1,
      -1,    -1,    -1,    -1,    -1,    92,    93,    -1,    95,    -1,
      -1,    98,    99,    -1,     1,    -1,    -1,    -1,   105,   106,
     107,   108,     9,    -1,    11,    -1,    13,    14,    15,    16,
      17,    -1,    -1,    20,    21,    22,    23,    24,    -1,    26,
      27,    28,    29,    30,    31,    32,    33,    34,    35,    36,
      37,    38,    39,    40,    41,    42,    43,    44,    45,    -1,
      -1,    -1,    49,    50,    51,    52,    53,    -1,    55,    56,
      57,    58,    59,    60,    -1,    -1,    -1,    -1,    65,    66,
      67,    68,    69,    70,    71,    72,    -1,    -1,    -1,    -1,
      -1,    -1,    -1,    80,    -1,    -1,    -1,    -1,    -1,    -1,
      -1,    -1,    -1,    -1,    -1,    92,    93,    -1,    95,    -1,
      -1,    98,    99,    -1,     1,    -1,    -1,    -1,   105,   106,
     107,   108,     9,    -1,    11,    -1,    13,    14,    15,    16,
      17,    -1,    -1,    20,    21,    22,    23,    24,    -1,    26,
      27,    28,    29,    30,    31,    32,    33,    -1,    35,    36,
      37,    38,    39,    40,    41,    42,    43,    44,    45,    -1,
      -1,    -1,    49,    50,    51,    52,    53,    -1,    55,    56,
      57,    58,    59,    60,    -1,    -1,    -1,    -1,    65,    66,
      67,    68,    69,    70,    71,    72,    -1,    -1,    -1,    -1,
      -1,    -1,    -1,    80,    -1,    -1,    -1,    -1,    -1,    -1,
      -1,    -1,    -1,    -1,    -1,    92,    93,    -1,    95,    -1,
      -1,    98,    99,     1,    -1,    -1,    63,    64,   105,   106,
     107,   108,    -1,    11,    -1,    13,    14,    15,    16,    17,
      -1,    -1,    20,    21,    22,    23,    24,    -1,    26,    27,
      28,    29,    30,    31,    91,    -1,    -1,    -1,    -1,    96,
      97,    39,    -1,   100,   101,   102,   103,    -1,    61,    62,
      63,    64,    -1,    -1,    -1,    53,    -1,    55,    56,    57,
      58,    59,    60,    -1,    -1,    -1,    -1,    65,    66,    67,
      68,    69,    70,    71,    72,    88,    89,    90,    91,    -1,
      -1,    -1,    80,    96,    97,    -1,    -1,   100,   101,   102,
     103,    -1,    -1,    -1,    92,    93,    -1,    95,    -1,    -1,
      98,    99,     1,    -1,    -1,    -1,    -1,   105,   106,   107,
     108,    -1,    11,    -1,    13,    14,    15,    16,    17,    -1,
      -1,    20,    21,    22,    23,    24,    -1,    26,    27,    28,
      29,    30,    31,    -1,    -1,    -1,    -1,    -1,    -1,    -1,
      39,    -1,    -1,    -1,    -1,    -1,    -1,    61,    62,    63,
      64,    -1,    -1,    -1,    53,    -1,    55,    56,    57,    58,
      59,    60,    -1,    -1,    -1,    -1,    65,    66,    67,    68,
      69,    70,    71,    72,    -1,    89,    90,    91,    -1,    -1,
      -1,    80,    96,    97,    -1,    -1,   100,   101,   102,   103,
      -1,    -1,    -1,    92,    93,    -1,    95,    -1,    -1,    98,
      99,    -1,    -1,    -1,    -1,   104,   105,    -1,   107,   108,
       9,    -1,    11,    -1,    13,    14,    15,    16,    17,    -1,
      -1,    20,    21,    22,    23,    24,    25,    26,    27,    28,
      29,    30,    31,    -1,    -1,    -1,    -1,    -1,    -1,    -1,
      39,    -1,    -1,    -1,    -1,    -1,    -1,    61,    62,    63,
      64,    -1,    -1,    -1,    53,    -1,    55,    56,    57,    58,
      59,    60,    -1,    -1,    -1,    -1,    65,    66,    67,    68,
      69,    70,    71,    72,    -1,    -1,    90,    91,    -1,    -1,
      -1,    80,    96,    97,    -1,    -1,   100,   101,   102,   103,
      -1,    -1,    -1,    92,    93,    -1,    95,    -1,    -1,    98,
      99,    -1,    -1,    -1,    -1,    -1,   105,    -1,   107,   108,
       9,    -1,    11,    -1,    13,    14,    15,    16,    17,    -1,
      -1,    20,    21,    22,    23,    24,    -1,    26,    27,    28,
      29,    30,    31,    -1,    -1,    -1,    -1,    -1,    -1,    -1,
      39,    -1,    -1,    -1,    -1,    -1,    -1,    61,    62,    63,
      64,    -1,    -1,    -1,    53,    -1,    55,    56,    57,    58,
      59,    60,    -1,    -1,    -1,    -1,    65,    66,    67,    68,
      69,    70,    71,    72,    -1,    -1,    90,    91,    -1,    -1,
      -1,    80,    96,    97,    -1,    -1,   100,   101,   102,   103,
      -1,    -1,    -1,    92,    93,    -1,    95,    -1,    -1,    98,
      99,    -1,    -1,    -1,    -1,    -1,   105,    -1,   107,   108,
      11,    12,    13,    14,    15,    16,    17,    -1,    -1,    20,
      21,    22,    23,    24,    -1,    26,    27,    28,    29,    30,
      31,    -1,    -1,    -1,    -1,    -1,    -1,    -1,    39,    -1,
      -1,    -1,    -1,    -1,    -1,    61,    -1,    63,    64,    -1,
      -1,    -1,    53,    -1,    55,    56,    57,    58,    59,    60,
      -1,    -1,    -1,    -1,    65,    66,    67,    68,    69,    70,
      71,    72,    -1,    -1,    90,    91,    -1,    -1,    -1,    80,
      96,    97,    -1,    -1,   100,   101,   102,   103,    -1,    -1,
      -1,    92,    93,    -1,    95,    -1,    -1,    98,    99,    -1,
      -1,    -1,    -1,    -1,   105,    -1,   107,   108,    11,    -1,
      13,    14,    15,    16,    17,    -1,    -1,    20,    21,    22,
      23,    24,    -1,    26,    27,    28,    29,    30,    31,    -1,
      -1,    -1,    -1,    -1,    -1,    -1,    39,    -1,    -1,    -1,
      -1,    -1,    -1,    -1,    -1,    63,    64,    -1,    -1,    -1,
      53,    -1,    55,    56,    57,    58,    59,    60,    -1,    -1,
      -1,    -1,    65,    66,    67,    68,    69,    70,    71,    72,
      -1,    -1,    90,    91,    -1,    -1,    -1,    80,    96,    97,
      -1,    -1,   100,   101,   102,   103,    -1,    -1,    -1,    92,
      93,    -1,    95,    -1,    -1,    98,    99,    -1,    -1,    -1,
      -1,    -1,   105,   106,   107,   108,    11,    -1,    13,    14,
      15,    16,    17,    -1,    -1,    20,    21,    22,    23,    24,
      -1,    26,    27,    28,    29,    30,    31,    -1,    -1,    -1,
      -1,    -1,    -1,    -1,    39,    42,    43,    44,    45,    -1,
      -1,    -1,    49,    -1,    51,    -1,    -1,    -1,    53,    -1,
      55,    56,    57,    58,    59,    60,    -1,    -1,    -1,    -1,
      65,    66,    67,    68,    69,    70,    71,    72,    -1,    -1,
      77,    78,    79,    -1,    -1,    80,    -1,    -1,    -1,    -1,
      -1,    -1,    -1,    -1,    -1,    -1,    -1,    92,    93,    -1,
      95,    -1,    -1,    98,    99,    -1,    -1,    -1,    -1,   104,
     105,    -1,   107,   108,    11,    -1,    13,    14,    15,    16,
      17,    -1,    -1,    20,    21,    22,    23,    24,    -1,    26,
      27,    28,    29,    30,    31,    -1,    -1,    -1,    -1,    -1,
      -1,    -1,    39,    -1,    -1,    -1,    -1,    -1,    -1,    -1,
      -1,    -1,    -1,    -1,    -1,    -1,    53,    -1,    55,    56,
      57,    58,    59,    60,    -1,    -1,    -1,    -1,    65,    66,
      67,    68,    69,    70,    71,    72,    -1,    -1,    -1,    -1,
      -1,    -1,    -1,    80,    -1,    -1,    -1,    -1,    -1,    -1,
      -1,    -1,    -1,    -1,    -1,    92,    93,    -1,    95,    -1,
      -1,    98,    99,    -1,    -1,    -1,    -1,   104,   105,    -1,
     107,   108,    11,    -1,    13,    14,    15,    16,    17,    -1,
      -1,    20,    21,    22,    23,    24,    -1,    26,    27,    28,
      29,    30,    31,    -1,    -1,    -1,    -1,    -1,    -1,    -1,
      39,    -1,    -1,    -1,    -1,    -1,    -1,    -1,    -1,    -1,
      -1,    -1,    -1,    -1,    53,    -1,    55,    56,    57,    58,
      59,    60,    -1,    -1,    -1,    -1,    65,    66,    67,    68,
      69,    70,    71,    72,    -1,    -1,    -1,    -1,    -1,    -1,
      -1,    80,    -1,    -1,    -1,    -1,    -1,    -1,    -1,    -1,
      -1,    -1,    -1,    92,    93,    -1,    95,    -1,    -1,    98,
      99,    -1,    -1,    -1,    -1,   104,   105,    -1,   107,   108,
      11,    -1,    13,    14,    15,    16,    17,    -1,    -1,    20,
      21,    22,    23,    24,    -1,    26,    27,    28,    29,    30,
      31,    -1,    -1,    -1,    -1,    -1,    -1,    -1,    39,    -1,
      -1,    -1,    -1,    -1,    -1,    -1,    -1,    -1,    -1,    -1,
      -1,    -1,    53,    -1,    55,    56,    57,    58,    59,    60,
      -1,    -1,    -1,    -1,    65,    66,    67,    68,    69,    70,
      71,    72,    -1,    -1,    -1,    -1,    -1,    -1,    -1,    80,
      -1,    -1,    -1,    -1,    -1,    -1,    -1,    -1,    -1,    -1,
      -1,    92,    93,    -1,    95,    -1,    -1,    98,    99,    -1,
      -1,    -1,    -1,   104,   105,    -1,   107,   108,    11,    -1,
      13,    14,    15,    16,    17,    -1,    -1,    20,    21,    22,
      23,    24,    -1,    26,    27,    28,    29,    30,    31,    -1,
      -1,    -1,    -1,    -1,    -1,    -1,    39,    -1,    -1,    -1,
      -1,    -1,    -1,    -1,    -1,    -1,    -1,    -1,    -1,    -1,
      53,    -1,    55,    56,    57,    58,    59,    60,    -1,    -1,
      -1,    -1,    65,    66,    67,    68,    69,    70,    71,    72,
      -1,    -1,    -1,    -1,    -1,    -1,    -1,    80,    -1,    -1,
      -1,    -1,    -1,    -1,    -1,    -1,    -1,    -1,    -1,    92,
      93,    -1,    95,    -1,    -1,    98,    99,    -1,    -1,    -1,
      -1,   104,   105,    -1,   107,   108,    11,    -1,    13,    14,
      15,    16,    17,    -1,    -1,    20,    21,    22,    23,    24,
      -1,    26,    27,    28,    29,    30,    31,    -1,    -1,    -1,
      -1,    -1,    -1,    -1,    39,    -1,    -1,    -1,    -1,    -1,
      -1,    -1,    -1,    -1,    -1,    -1,    -1,    -1,    53,    -1,
      55,    56,    57,    58,    59,    60,    -1,    -1,    -1,    -1,
      65,    66,    67,    68,    69,    70,    71,    72,    -1,    -1,
      -1,    -1,    -1,    -1,    -1,    80,    -1,    -1,    -1,    -1,
      -1,    -1,    -1,    -1,    -1,    -1,    -1,    92,    93,    -1,
      95,    -1,    -1,    98,    99,    -1,    -1,    -1,    -1,   104,
     105,    -1,   107,   108,    11,    -1,    13,    14,    15,    16,
      17,    -1,    -1,    20,    21,    22,    23,    24,    -1,    26,
      27,    28,    29,    30,    31,    -1,    -1,    -1,    -1,    -1,
      -1,    -1,    39,    -1,    -1,    -1,    -1,    -1,    -1,    -1,
      -1,    -1,    -1,    -1,    -1,    -1,    53,    -1,    55,    56,
      57,    58,    59,    60,    -1,    -1,    -1,    -1,    65,    66,
      67,    68,    69,    70,    71,    72,    -1,    -1,    -1,    -1,
      -1,    -1,    -1,    80,    -1,    -1,    -1,    -1,    -1,    -1,
      -1,    -1,    -1,    -1,    -1,    92,    93,    -1,    95,    -1,
      -1,    98,    99,    -1,    -1,    -1,    -1,   104,   105,    -1,
     107,   108,    11,    -1,    13,    14,    15,    16,    17,    -1,
      -1,    20,    21,    22,    23,    24,    -1,    26,    27,    28,
      29,    30,    31,    -1,    -1,    -1,    -1,    -1,    -1,    -1,
      39,    -1,    -1,    -1,    -1,    -1,    -1,    -1,    -1,    -1,
      -1,    -1,    -1,    -1,    53,    -1,    55,    56,    57,    58,
      59,    60,    -1,    -1,    -1,    -1,    65,    66,    67,    68,
      69,    70,    71,    72,    -1,    -1,    -1,    -1,    -1,    -1,
      -1,    80,    -1,    -1,    -1,    -1,    -1,    -1,    -1,    -1,
      -1,    -1,    -1,    92,    93,    -1,    95,    -1,    -1,    98,
      99,    -1,    -1,    -1,    -1,    -1,   105,    -1,   107,   108,
      11,    -1,    13,    14,    15,    16,    17,    -1,    -1,    20,
      21,    22,    23,    24,    -1,    26,    27,    28,    29,    30,
      31,    -1,    -1,    -1,    -1,    -1,    -1,    -1,    39,    -1,
      -1,    -1,    -1,    -1,    -1,    -1,    -1,    -1,    -1,    -1,
      -1,    -1,    53,    -1,    55,    56,    57,    58,    59,    60,
      -1,    -1,    -1,    -1,    65,    66,    67,    68,    69,    70,
      71,    72,    -1,    -1,    -1,    -1,    -1,    -1,    -1,    80,
      54,    -1,    -1,    -1,    -1,    -1,    -1,    61,    62,    63,
      64,    92,    93,    -1,    95,    -1,    -1,    98,    99,    -1,
      -1,    -1,    -1,    -1,   105,    -1,   107,   108,    82,    83,
      84,    85,    86,    87,    88,    89,    90,    91,    -1,    -1,
      -1,    -1,    96,    97,    54,    -1,   100,   101,   102,   103,
      -1,    61,    62,    63,    64,    -1,    -1,    -1,    -1,    -1,
      -1,    -1,    -1,    -1,    -1,    -1,    -1,    -1,    -1,    -1,
      -1,    -1,    82,    83,    -1,    85,    86,    87,    88,    89,
      90,    91,    -1,    -1,    -1,    -1,    96,    97,    54,    -1,
     100,   101,   102,   103,    -1,    61,    62,    63,    64,    -1,
      -1,    -1,    -1,    -1,    -1,    -1,    -1,    -1,    -1,    -1,
      -1,    -1,    -1,    -1,    -1,    -1,    -1,    83,    -1,    85,
      86,    87,    88,    89,    90,    91,    -1,    -1,    -1,    -1,
      96,    97,    -1,    -1,   100,   101,   102,   103
};

  /* YYSTOS[STATE-NUM] -- The (internal number of the) accessing
     symbol of state STATE-NUM.  */
static const yytype_uint8 yystos[] =
{
       0,     3,     4,     5,     6,     7,     8,   111,   112,   113,
     114,   115,   116,   117,     0,   120,    11,    13,    14,    15,
      16,    17,    20,    21,    22,    23,    24,    26,    27,    28,
      29,    30,    31,    39,    53,    55,    56,    57,    58,    59,
      60,    65,    66,    67,    68,    69,    70,    71,    72,    80,
      92,    93,    95,    98,    99,   105,   107,   108,   162,   163,
     164,   167,   168,   169,   170,   171,   172,   174,   178,   186,
     187,   188,   191,   192,   193,   194,   195,   196,     9,   118,
       1,    32,    33,    35,    36,    37,    38,    40,    41,    42,
      43,    44,    45,    49,    50,    51,    52,   106,   118,   127,
     141,   151,   162,    34,   125,   126,   127,   123,   123,    12,
     162,   172,   172,    20,    25,   118,   187,   197,   197,   197,
     197,   197,   173,    11,   105,   172,   153,   153,   172,   105,
     105,   105,   118,   172,    20,   163,   177,   187,   197,   197,
     118,   172,   106,   162,    20,    25,   155,   172,    15,    95,
     105,   175,   187,   188,   189,   190,   191,    15,   176,   187,
     188,   189,   191,   172,   163,   172,   172,   172,   172,   172,
     104,   162,   197,   197,    77,    78,    79,    81,     9,    11,
     105,    54,    61,    62,    63,    64,    82,    83,    85,    86,
      87,    88,    89,    90,    91,    96,    97,   100,   101,   102,
     103,   105,     9,    11,     9,    11,     9,    11,     9,   120,
       9,   154,    20,   152,   105,   105,   105,   105,    70,    95,
     105,   120,   185,   187,   105,   105,   118,    48,   143,   106,
     155,    42,    43,    44,    45,    49,    51,   126,   127,   125,
      12,   177,   105,   105,   162,   104,   118,    23,   120,   156,
     104,   104,   162,   178,   197,   163,    10,   106,   177,    25,
     105,   172,   175,   187,   188,   191,   104,   162,    73,   158,
      82,   158,    25,   158,    11,   104,   162,   162,   162,   172,
     162,   162,   104,   162,   172,   172,   172,   172,   172,   172,
     172,   172,   172,   172,   172,   172,   172,   172,   172,     9,
      11,    15,    16,    17,    21,    65,   105,   107,   108,   166,
     187,   104,   162,   162,   162,   162,   162,   162,   162,   162,
     123,   120,    20,   150,    20,   130,   120,   120,   120,   120,
      95,   120,    70,   183,   184,   186,   187,   188,   191,   120,
      26,   120,    26,   105,   180,   120,   120,   118,   152,   162,
     147,   162,   162,   162,   162,   162,   178,   163,    12,   165,
     105,   159,    73,   157,   104,   104,   162,    10,    11,   104,
     162,   158,   104,    23,   105,    82,    11,   162,    11,   106,
      12,   104,    84,   162,   162,   108,   108,   108,   108,   104,
     162,   108,   108,   105,   104,   106,    12,   106,    12,   106,
      12,   106,    10,   138,    18,   119,     9,   106,    20,   146,
     162,   147,   148,   162,   148,   182,   187,   105,   141,   145,
     148,   149,   162,   136,   183,   181,   120,   148,   148,   128,
     129,   104,   109,   179,   177,   160,   157,    23,   118,   104,
      12,    23,   104,   163,   105,    12,   162,    10,   172,   106,
      12,   104,   178,    10,    10,    10,    10,   123,   120,   120,
      20,   104,   104,   104,   104,   180,   120,   104,   106,     9,
     121,   135,   105,   148,   104,   104,   156,   120,   162,   104,
     104,     9,    12,   104,   163,    12,    10,   104,    10,   106,
     137,   177,   144,   144,   121,   121,   148,   148,   121,   131,
     122,   143,   105,   104,   121,   121,   157,   159,   123,   104,
      75,   123,   106,   121,   121,    46,    47,   142,   142,   104,
     104,   143,   146,   123,   148,   134,   106,   118,   161,   157,
      10,   124,    10,   143,   143,   121,   105,   133,   121,   106,
      10,   104,   121,     9,    23,   106,   139,   148,   121,   143,
     132,   121,   143,   123,    74,   140,    19,   104,   143,   144,
     143,    10,   123,   121,   149,    75,   142,   104,   121
};

  /* YYR1[YYN] -- Symbol number of symbol that rule YYN derives.  */
static const yytype_uint8 yyr1[] =
{
       0,   110,   112,   111,   113,   111,   114,   111,   115,   111,
     116,   111,   117,   111,   118,   119,   120,   121,   122,   123,
     123,   124,   124,   125,   125,   126,   126,   127,   127,   128,
     127,   129,   127,   127,   130,   127,   127,   127,   127,   127,
     127,   127,   127,   131,   132,   127,   133,   127,   134,   127,
     135,   127,   127,   127,   136,   127,   127,   137,   127,   138,
     127,   127,   127,   139,   140,   140,   141,   141,   141,   141,
     141,   141,   141,   141,   142,   142,   142,   143,   143,   144,
     145,   145,   146,   146,   147,   148,   149,   150,   150,   151,
     151,   151,   152,   153,   154,   155,   155,   156,   156,   157,
     157,   157,   158,   158,   160,   159,   161,   161,   162,   162,
     162,   162,   163,   163,   163,   164,   164,   164,   164,   164,
     164,   164,   164,   165,   164,   166,   166,   167,   167,   167,
     167,   167,   167,   167,   167,   167,   167,   167,   167,   167,
     167,   168,   168,   168,   168,   168,   168,   168,   168,   168,
     168,   168,   168,   168,   168,   169,   169,   169,   169,   169,
     169,   169,   169,   169,   169,   170,   170,   170,   170,   170,
     170,   171,   171,   172,   172,   172,   172,   172,   172,   172,
     172,   172,   172,   172,   172,   172,   172,   172,   172,   172,
     172,   172,   172,   172,   172,   172,   172,   172,   172,   172,
     172,   172,   172,   172,   172,   172,   172,   172,   172,   172,
     172,   172,   172,   172,   172,   172,   172,   172,   172,   172,
     172,   172,   173,   172,   172,   172,   172,   172,   174,   174,
     174,   174,   174,   174,   174,   175,   175,   175,   175,   175,
     175,   176,   176,   176,   176,   177,   177,   178,   178,   179,
     179,   180,   181,   180,   182,   183,   183,   183,   184,   184,
     185,   185,   186,   187,   188,   189,   190,   191,   192,   192,
     193,   194,   194,   195,   195,   196,   196,   197,   197,   197,
     197
};

  /* YYR2[YYN] -- Number of symbols on the right hand side of rule YYN.  */
static const yytype_uint8 yyr2[] =
{
       0,     2,     0,     4,     0,     3,     0,     3,     0,     3,
       0,     3,     0,     3,     4,     7,     0,     4,     0,     0,
       2,     0,     2,     1,     1,     2,     2,     1,     4,     0,
       7,     0,    10,     4,     0,     7,     7,     7,     6,     6,
       2,     8,     8,     0,     0,    13,     0,    10,     0,     9,
       0,    10,     9,     7,     0,     6,     2,     0,     8,     0,
       6,     2,     1,     2,     0,     3,     1,     1,     3,     3,
       3,     3,     3,     3,     0,     2,     6,     0,     2,     0,
       0,     1,     0,     1,     1,     1,     1,     1,     0,     1,
       1,     1,     0,     0,     0,     1,     1,     0,     1,     0,
       2,     1,     2,     1,     0,     3,     1,     1,     3,     3,
       3,     1,     2,     3,     1,     3,     5,     6,     3,     3,
       5,     2,     4,     0,     5,     1,     1,     5,     4,     5,
       4,     5,     6,     5,     4,     5,     4,     3,     6,     4,
       5,     3,     3,     3,     3,     3,     3,     3,     3,     3,
       3,     3,     3,     3,     3,     2,     2,     2,     2,     2,
       2,     2,     2,     2,     2,     3,     2,     4,     3,     5,
       8,     2,     2,     1,     1,     1,     1,     5,     2,     3,
       1,     2,     3,     1,     2,     1,     1,     1,     1,     1,
       1,     4,     4,     5,     5,     1,     1,     3,     4,     3,
       4,     4,     4,     4,     4,     1,     2,     2,     1,     2,
       2,     1,     2,     1,     2,     1,     3,     1,     3,     1,
       3,     4,     0,     6,     1,     1,     1,     1,     3,     2,
       3,     2,     4,     7,     6,     3,     2,     1,     1,     1,
       1,     1,     1,     1,     1,     0,     1,     0,     1,     0,
       2,     1,     0,     3,     1,     1,     1,     1,     1,     1,
       2,     2,     2,     2,     2,     5,     4,     2,     2,     4,
       2,     1,     3,     1,     3,     1,     3,     1,     1,     1,
       1
};

typedef enum {
	toketype_ival, toketype_opval, toketype_pval
} toketypes;

/* type of each token/terminal */
static const toketypes yy_type_tab[] =
{
  toketype_ival, toketype_ival, toketype_ival, toketype_ival, toketype_ival, toketype_ival,
  toketype_ival, toketype_ival, toketype_ival, toketype_ival, toketype_ival, toketype_ival,
  toketype_ival, toketype_ival, toketype_ival, toketype_ival, toketype_ival, toketype_ival, toketype_ival, toketype_ival, toketype_opval,
  toketype_opval, toketype_opval, toketype_opval, toketype_opval, toketype_opval, toketype_opval,
  toketype_opval, toketype_opval, toketype_opval, toketype_opval, toketype_opval, toketype_opval,
  toketype_opval, toketype_pval, toketype_ival, toketype_ival, toketype_ival, toketype_ival,
  toketype_ival, toketype_ival, toketype_ival, toketype_ival, toketype_ival, toketype_ival, toketype_ival, toketype_ival,
  toketype_ival, toketype_ival, toketype_ival, toketype_ival, toketype_ival, toketype_ival, toketype_ival,
  toketype_ival, toketype_ival, toketype_ival, toketype_ival, toketype_ival, toketype_ival, toketype_ival,
  toketype_ival, toketype_ival, toketype_ival, toketype_ival, toketype_ival, toketype_ival, toketype_ival,
  toketype_ival, toketype_ival, toketype_ival, toketype_ival, toketype_ival, toketype_ival, toketype_ival,
  toketype_ival, toketype_ival, toketype_ival, toketype_ival, toketype_ival, toketype_ival, toketype_ival,
  toketype_ival, toketype_ival, toketype_ival, toketype_ival, toketype_ival, toketype_ival, toketype_ival,
  toketype_ival, toketype_ival, toketype_ival, toketype_ival, toketype_ival, toketype_ival, toketype_ival,
  toketype_ival, toketype_ival, toketype_ival, toketype_ival, toketype_ival, toketype_ival, toketype_ival,
  toketype_ival, toketype_ival, toketype_ival, toketype_ival, toketype_ival, toketype_ival, toketype_ival, toketype_ival, toketype_ival,
  toketype_ival, toketype_ival, toketype_ival, toketype_ival, toketype_ival, toketype_ival, toketype_opval, toketype_opval,
  toketype_ival, toketype_opval, toketype_ival, toketype_opval, toketype_opval, toketype_opval,
  toketype_opval, toketype_opval, toketype_ival, toketype_ival, toketype_ival, toketype_ival, toketype_ival, toketype_ival,
  toketype_ival, toketype_ival, toketype_ival, toketype_ival, toketype_ival, toketype_opval, toketype_opval, toketype_opval,
  toketype_opval, toketype_opval, toketype_ival, toketype_opval, toketype_opval, toketype_opval, toketype_opval, toketype_opval,
  toketype_opval, toketype_ival, toketype_ival, toketype_ival, toketype_ival,
  toketype_opval, toketype_opval, toketype_opval, toketype_opval, toketype_opval, toketype_ival,
  toketype_opval, toketype_opval, toketype_opval, toketype_opval, toketype_ival, toketype_opval,
  toketype_opval, toketype_opval, toketype_opval, toketype_opval, toketype_opval, toketype_opval,
  toketype_ival, toketype_opval, toketype_opval, toketype_opval, toketype_opval, toketype_opval,
  toketype_opval, toketype_ival, toketype_ival, toketype_opval, toketype_opval, toketype_opval,
  toketype_ival, toketype_opval, toketype_opval, toketype_opval, toketype_opval,
  toketype_opval, toketype_opval, toketype_opval, toketype_opval, toketype_opval, toketype_opval,
  toketype_opval, toketype_opval
};

/* Generated from:
 * 2beb5ec095e101be4f9a838a04e8e333521fbed741f8e0bacd90dabd2712c7d6 perly.y
 * 34c0653ef7c691f2b4ac71336f4ea94e2bd925344002392f88ceeb0b435555fa regen_perly.pl
 * ex: set ro: */
